#  number of independent evaluations (computer runs) required: 81
#  number of resolution (grid) levels required: 1
81 81 4 0
KL_TEMP_0	KL_TEMP_1	KL_TEMP_2	KL_TEMP_3	
0	0	0	0	1	3.0559021979570384E-11	3.0559021979570384E-11	3.0559021979570384E-11	3.0559021979570384E-11	
1	1	0	0	1	-2.0999999999999996	3.0559021979570384E-11	3.0559021979570384E-11	3.0559021979570384E-11	
2	2	0	0	1	2.0999999999999996	3.0559021979570384E-11	3.0559021979570384E-11	3.0559021979570384E-11	
3	3	0	0	1	3.0559021979570384E-11	-2.0999999999999996	3.0559021979570384E-11	3.0559021979570384E-11	
4	4	0	0	1	-2.0999999999999996	-2.0999999999999996	3.0559021979570384E-11	3.0559021979570384E-11	
5	5	0	0	1	2.0999999999999996	-2.0999999999999996	3.0559021979570384E-11	3.0559021979570384E-11	
6	6	0	0	1	3.0559021979570384E-11	2.0999999999999996	3.0559021979570384E-11	3.0559021979570384E-11	
7	7	0	0	1	-2.0999999999999996	2.0999999999999996	3.0559021979570384E-11	3.0559021979570384E-11	
8	8	0	0	1	2.0999999999999996	2.0999999999999996	3.0559021979570384E-11	3.0559021979570384E-11	
9	9	0	0	1	3.0559021979570384E-11	3.0559021979570384E-11	-2.0999999999999996	3.0559021979570384E-11	
10	10	0	0	1	-2.0999999999999996	3.0559021979570384E-11	-2.0999999999999996	3.0559021979570384E-11	
11	11	0	0	1	2.0999999999999996	3.0559021979570384E-11	-2.0999999999999996	3.0559021979570384E-11	
12	12	0	0	1	3.0559021979570384E-11	-2.0999999999999996	-2.0999999999999996	3.0559021979570384E-11	
13	13	0	0	1	-2.0999999999999996	-2.0999999999999996	-2.0999999999999996	3.0559021979570384E-11	
14	14	0	0	1	2.0999999999999996	-2.0999999999999996	-2.0999999999999996	3.0559021979570384E-11	
15	15	0	0	1	3.0559021979570384E-11	2.0999999999999996	-2.0999999999999996	3.0559021979570384E-11	
16	16	0	0	1	-2.0999999999999996	2.0999999999999996	-2.0999999999999996	3.0559021979570384E-11	
17	17	0	0	1	2.0999999999999996	2.0999999999999996	-2.0999999999999996	3.0559021979570384E-11	
18	18	0	0	1	3.0559021979570384E-11	3.0559021979570384E-11	2.0999999999999996	3.0559021979570384E-11	
19	19	0	0	1	-2.0999999999999996	3.0559021979570384E-11	2.0999999999999996	3.0559021979570384E-11	
20	20	0	0	1	2.0999999999999996	3.0559021979570384E-11	2.0999999999999996	3.0559021979570384E-11	
21	21	0	0	1	3.0559021979570384E-11	-2.0999999999999996	2.0999999999999996	3.0559021979570384E-11	
22	22	0	0	1	-2.0999999999999996	-2.0999999999999996	2.0999999999999996	3.0559021979570384E-11	
23	23	0	0	1	2.0999999999999996	-2.0999999999999996	2.0999999999999996	3.0559021979570384E-11	
24	24	0	0	1	3.0559021979570384E-11	2.0999999999999996	2.0999999999999996	3.0559021979570384E-11	
25	25	0	0	1	-2.0999999999999996	2.0999999999999996	2.0999999999999996	3.0559021979570384E-11	
26	26	0	0	1	2.0999999999999996	2.0999999999999996	2.0999999999999996	3.0559021979570384E-11	
27	27	0	0	1	3.0559021979570384E-11	3.0559021979570384E-11	3.0559021979570384E-11	-2.0999999999999996	
28	28	0	0	1	-2.0999999999999996	3.0559021979570384E-11	3.0559021979570384E-11	-2.0999999999999996	
29	29	0	0	1	2.0999999999999996	3.0559021979570384E-11	3.0559021979570384E-11	-2.0999999999999996	
30	30	0	0	1	3.0559021979570384E-11	-2.0999999999999996	3.0559021979570384E-11	-2.0999999999999996	
31	31	0	0	1	-2.0999999999999996	-2.0999999999999996	3.0559021979570384E-11	-2.0999999999999996	
32	32	0	0	1	2.0999999999999996	-2.0999999999999996	3.0559021979570384E-11	-2.0999999999999996	
33	33	0	0	1	3.0559021979570384E-11	2.0999999999999996	3.0559021979570384E-11	-2.0999999999999996	
34	34	0	0	1	-2.0999999999999996	2.0999999999999996	3.0559021979570384E-11	-2.0999999999999996	
35	35	0	0	1	2.0999999999999996	2.0999999999999996	3.0559021979570384E-11	-2.0999999999999996	
36	36	0	0	1	3.0559021979570384E-11	3.0559021979570384E-11	-2.0999999999999996	-2.0999999999999996	
37	37	0	0	1	-2.0999999999999996	3.0559021979570384E-11	-2.0999999999999996	-2.0999999999999996	
38	38	0	0	1	2.0999999999999996	3.0559021979570384E-11	-2.0999999999999996	-2.0999999999999996	
39	39	0	0	1	3.0559021979570384E-11	-2.0999999999999996	-2.0999999999999996	-2.0999999999999996	
40	40	0	0	1	-2.0999999999999996	-2.0999999999999996	-2.0999999999999996	-2.0999999999999996	
41	41	0	0	1	2.0999999999999996	-2.0999999999999996	-2.0999999999999996	-2.0999999999999996	
42	42	0	0	1	3.0559021979570384E-11	2.0999999999999996	-2.0999999999999996	-2.0999999999999996	
43	43	0	0	1	-2.0999999999999996	2.0999999999999996	-2.0999999999999996	-2.0999999999999996	
44	44	0	0	1	2.0999999999999996	2.0999999999999996	-2.0999999999999996	-2.0999999999999996	
45	45	0	0	1	3.0559021979570384E-11	3.0559021979570384E-11	2.0999999999999996	-2.0999999999999996	
46	46	0	0	1	-2.0999999999999996	3.0559021979570384E-11	2.0999999999999996	-2.0999999999999996	
47	47	0	0	1	2.0999999999999996	3.0559021979570384E-11	2.0999999999999996	-2.0999999999999996	
48	48	0	0	1	3.0559021979570384E-11	-2.0999999999999996	2.0999999999999996	-2.0999999999999996	
49	49	0	0	1	-2.0999999999999996	-2.0999999999999996	2.0999999999999996	-2.0999999999999996	
50	50	0	0	1	2.0999999999999996	-2.0999999999999996	2.0999999999999996	-2.0999999999999996	
51	51	0	0	1	3.0559021979570384E-11	2.0999999999999996	2.0999999999999996	-2.0999999999999996	
52	52	0	0	1	-2.0999999999999996	2.0999999999999996	2.0999999999999996	-2.0999999999999996	
53	53	0	0	1	2.0999999999999996	2.0999999999999996	2.0999999999999996	-2.0999999999999996	
54	54	0	0	1	3.0559021979570384E-11	3.0559021979570384E-11	3.0559021979570384E-11	2.0999999999999996	
55	55	0	0	1	-2.0999999999999996	3.0559021979570384E-11	3.0559021979570384E-11	2.0999999999999996	
56	56	0	0	1	2.0999999999999996	3.0559021979570384E-11	3.0559021979570384E-11	2.0999999999999996	
57	57	0	0	1	3.0559021979570384E-11	-2.0999999999999996	3.0559021979570384E-11	2.0999999999999996	
58	58	0	0	1	-2.0999999999999996	-2.0999999999999996	3.0559021979570384E-11	2.0999999999999996	
59	59	0	0	1	2.0999999999999996	-2.0999999999999996	3.0559021979570384E-11	2.0999999999999996	
60	60	0	0	1	3.0559021979570384E-11	2.0999999999999996	3.0559021979570384E-11	2.0999999999999996	
61	61	0	0	1	-2.0999999999999996	2.0999999999999996	3.0559021979570384E-11	2.0999999999999996	
62	62	0	0	1	2.0999999999999996	2.0999999999999996	3.0559021979570384E-11	2.0999999999999996	
63	63	0	0	1	3.0559021979570384E-11	3.0559021979570384E-11	-2.0999999999999996	2.0999999999999996	
64	64	0	0	1	-2.0999999999999996	3.0559021979570384E-11	-2.0999999999999996	2.0999999999999996	
65	65	0	0	1	2.0999999999999996	3.0559021979570384E-11	-2.0999999999999996	2.0999999999999996	
66	66	0	0	1	3.0559021979570384E-11	-2.0999999999999996	-2.0999999999999996	2.0999999999999996	
67	67	0	0	1	-2.0999999999999996	-2.0999999999999996	-2.0999999999999996	2.0999999999999996	
68	68	0	0	1	2.0999999999999996	-2.0999999999999996	-2.0999999999999996	2.0999999999999996	
69	69	0	0	1	3.0559021979570384E-11	2.0999999999999996	-2.0999999999999996	2.0999999999999996	
70	70	0	0	1	-2.0999999999999996	2.0999999999999996	-2.0999999999999996	2.0999999999999996	
71	71	0	0	1	2.0999999999999996	2.0999999999999996	-2.0999999999999996	2.0999999999999996	
72	72	0	0	1	3.0559021979570384E-11	3.0559021979570384E-11	2.0999999999999996	2.0999999999999996	
73	73	0	0	1	-2.0999999999999996	3.0559021979570384E-11	2.0999999999999996	2.0999999999999996	
74	74	0	0	1	2.0999999999999996	3.0559021979570384E-11	2.0999999999999996	2.0999999999999996	
75	75	0	0	1	3.0559021979570384E-11	-2.0999999999999996	2.0999999999999996	2.0999999999999996	
76	76	0	0	1	-2.0999999999999996	-2.0999999999999996	2.0999999999999996	2.0999999999999996	
77	77	0	0	1	2.0999999999999996	-2.0999999999999996	2.0999999999999996	2.0999999999999996	
78	78	0	0	1	3.0559021979570384E-11	2.0999999999999996	2.0999999999999996	2.0999999999999996	
79	79	0	0	1	-2.0999999999999996	2.0999999999999996	2.0999999999999996	2.0999999999999996	
80	80	0	0	1	2.0999999999999996	2.0999999999999996	2.0999999999999996	2.0999999999999996	
1
================ begin prepconfig configuration ================ 
KL_TEMP_0	0.0	0.0	6000.0	0.7	0.0	6000.0	0.0	-1.7976931348623157E308	1.7976931348623157E308	1.0	-1.7976931348623157E308	1.7976931348623157E308	2	3	1	1	1
KL_TEMP_1	0.0	0.0	6000.0	0.7	0.0	6000.0	0.0	-1.7976931348623157E308	1.7976931348623157E308	1.0	-1.7976931348623157E308	1.7976931348623157E308	2	3	1	1	1
KL_TEMP_2	0.0	0.0	6000.0	0.7	0.0	6000.0	0.0	-1.7976931348623157E308	1.7976931348623157E308	1.0	-1.7976931348623157E308	1.7976931348623157E308	2	3	1	1	1
KL_TEMP_3	0.0	0.0	6000.0	0.7	0.0	6000.0	0.0	-1.7976931348623157E308	1.7976931348623157E308	1.0	-1.7976931348623157E308	1.7976931348623157E308	2	3	1	1	1
================= end prepconfig configuration ================= 
1
================= begin MLMC and Error parameters ==============
3	0	1	1	0	1	2.0	0.5	1	
1
1.0	1.0
0
0
0
================= end MLMC and Error parameters ==============
0
