Cart3D 2
Mach	1.4	0.0	10.0	0.01	0.0	10.0	0.0	-1.7976931348623157E308	1.7976931348623157E308	1.0	-1.7976931348623157E308	1.7976931348623157E308	0	1	1
alpha	2.0	0.0	10.0	0.1	0.0	10.0	0.0	-1.7976931348623157E308	1.7976931348623157E308	1.0	-1.7976931348623157E308	1.7976931348623157E308	0	1	1
sBOOM 8
altitude	54000.0	0.0	70000.0	500.0	0.0	70000.0	0.0	-1.7976931348623157E308	1.7976931348623157E308	1.0	-1.7976931348623157E308	1.7976931348623157E308	0	1	1
reflection_factor	1.9	0.0	2.0	0.03	0.0	2.0	0.0	-1.7976931348623157E308	1.7976931348623157E308	1.0	-1.7976931348623157E308	1.7976931348623157E308	0	1	1
ground_height	360.9285	0.0	6000.0	0.7	0.0	6000.0	0.0	-1.7976931348623157E308	1.7976931348623157E308	1.0	-1.7976931348623157E308	1.7976931348623157E308	0	4	1
KL_TEMPHUMID_0	0.0	0.0	6000.0	1.0	0.0	6000.0	0.0	-1.7976931348623157E308	1.7976931348623157E308	1.0	-1.7976931348623157E308	1.7976931348623157E308	2	1	1
KL_TEMPHUMID_1	0.0	0.0	6000.0	1.0	0.0	6000.0	0.0	-1.7976931348623157E308	1.7976931348623157E308	1.0	-1.7976931348623157E308	1.7976931348623157E308	2	1	1
KL_TEMPHUMID_2	0.0	0.0	6000.0	1.0	0.0	6000.0	0.0	-1.7976931348623157E308	1.7976931348623157E308	1.0	-1.7976931348623157E308	1.7976931348623157E308	2	1	1
KL_TEMPHUMID_3	0.0	0.0	6000.0	1.0	0.0	6000.0	0.0	-1.7976931348623157E308	1.7976931348623157E308	1.0	-1.7976931348623157E308	1.7976931348623157E308	2	1	1
KL_TEMPHUMID_4	0.0	0.0	6000.0	1.0	0.0	6000.0	0.0	-1.7976931348623157E308	1.7976931348623157E308	1.0	-1.7976931348623157E308	1.7976931348623157E308	2	1	1
1
================= begin MLMC and Error parameters ==============
3	0	1	1	0	1	2.0	0.5	1	
1
1.0	1.0
0
0
0
================= end MLMC and Error parameters ==============
